deviation,gen_target,gen_input,target_percent,input_percent,total_input_fraction,unique_ratio,unique_elements_len,calc_time,long_ratio,new_percent
0.0,7.689882421697772e-05,0.0015360983102918587,0.2631578947368421,0.02631578947368421,0.00498117711872188,2.9040664572681906e-05,38,50.11793780326843,0.5526315789473685,0.1578947368421052
0.1,7.689882421697772e-05,0.0015360983102918587,0.15625,0.015625,0.00498117711872188,4.8910592964516895e-05,64,50.03567624092102,0.53125,0.296875
0.2,7.689882421697772e-05,0.0015360983102918587,0.10526315789473684,0.010526315789473684,0.00498117711872188,7.260166143170477e-05,95,49.976303577423096,0.4421052631578947,0.4421052631578948
0.3,0.00010765835390376882,0.0015360983102918587,0.09929078014184398,0.0070921985815602835,0.00498117711872188,0.00010775615012495128,141,49.82085347175598,0.3971631205673759,0.4964539007092198
0.4,0.00014610776601225767,0.0015360983102918587,0.0945273631840796,0.004975124378109453,0.00498117711872188,0.00015360983102918587,201,49.877968072891235,0.3880597014925373,0.5124378109452736
0.5,0.0001922470605424443,0.0015360983102918587,0.1,0.004,0.00498117711872188,0.0001910570037676441,250,49.854077100753784,0.396,0.5
0.6,0.00020762682538583984,0.0015360983102918587,0.09090909090909091,0.003367003367003367,0.00498117711872188,0.0002269757204759612,297,49.93581581115723,0.4208754208754209,0.48484848484848486
0.7,0.00021531670780753763,0.0015360983102918587,0.07692307692307693,0.0027472527472527475,0.00498117711872188,0.0002781789974856898,364,49.816508054733276,0.40934065934065933,0.510989010989011
0.8,0.0002614560023377243,0.0015360983102918587,0.07727272727272727,0.0022727272727272726,0.00498117711872188,0.00033626032663105365,440,49.904999017715454,0.45454545454545453,0.46590909090909094
0.9,0.0002845256496028176,0.0015360983102918587,0.06764168190127971,0.0018281535648994515,0.00498117711872188,0.00041803272424360534,547,50.188475131988525,0.4405850091407678,0.48994515539305306
1.0,0.00030759529686791087,0.0015360983102918587,0.0631911532385466,0.001579778830963665,0.00498117711872188,0.0004837563335396749,633,50.102360010147095,0.4676145339652449,0.4676145339652449
1.1,0.0003844941210848886,0.0030721966205837174,0.0648508430609598,0.0025940337224383916,0.00498117711872188,0.0005892197996194144,771,50.2733051776886,0.4656290531776913,0.4669260700389105
1.2,0.00046139294530186633,0.0015360983102918587,0.06329113924050633,0.0010548523206751054,0.00498117711872188,0.0007244881582869065,948,50.19224429130554,0.4820675105485232,0.45358649789029537
1.3,0.0004921524749886574,0.0015360983102918587,0.05823475887170155,0.0009099181073703367,0.00498117711872188,0.0008398865885625636,1099,50.12483501434326,0.4895359417652411,0.45131938125568705
1.4,0.0006382602410009151,0.0015360983102918587,0.06459143968871596,0.0007782101167315176,0.00498117711872188,0.0009820329993656908,1285,50.27524209022522,0.4964980544747082,0.43813229571984436
1.5,0.0007843680070131727,0.0015360983102918587,0.06901217861975643,0.0006765899864682003,0.00498117711872188,0.001129529006274312,1478,50.160550594329834,0.4952638700947226,0.43504736129905275
1.6,0.000876646596073546,0.0030721966205837174,0.06627906976744186,0.0011627906976744186,0.00498117711872188,0.0013144721859213915,1720,50.342050075531006,0.5005813953488372,0.4319767441860466
1.7,0.0010535138917725949,0.0030721966205837174,0.06968463886063073,0.001017293997965412,0.00498117711872188,0.0015024722776287532,1966,50.4420371055603,0.5076297049847406,0.42166836215666326
1.8,0.0010996531863027815,0.0015360983102918587,0.06435643564356436,0.00045004500450045,0.00498117711872188,0.0016981146494868208,2222,50.560046434402466,0.5193519351935193,0.4158415841584159
1.9,0.0011073430687244792,0.004608294930875576,0.06,0.00125,0.00498117711872188,0.0018341472361693835,2400,50.544593811035156,0.5458333333333333,0.3929166666666667
2.0,0.001215001422628248,0.004608294930875576,0.058692421991084695,0.001114413075780089,0.00498117711872188,0.002057301816569992,2692,50.26973223686218,0.5475482912332839,0.39264487369985135
2.1,0.0013303496589537145,0.004608294930875576,0.05834738617200674,0.001011804384485666,0.00498117711872188,0.0022659360646842593,2965,50.37990856170654,0.5446880269814502,0.39595278246205734
2.2,0.0014380080128574835,0.004608294930875576,0.057344372891751,0.0009199632014719411,0.00498117711872188,0.00249214755714515,3261,50.44102907180786,0.5538178472861086,0.3879178166206685
2.3,0.0015072169546527633,0.004608294930875576,0.05535159559446484,0.0008472182999152782,0.00498117711872188,0.0027061314013649114,3541,50.57883429527283,0.5642473877435753,0.3795537983620446
2.4,0.00162256519097823,0.004608294930875576,0.05489073881373569,0.0007804370447450572,0.00498117711872188,0.002937692489931296,3844,50.65077185630798,0.5725806451612904,0.3717481789802288
2.5,0.0015918056612914389,0.006144393241167435,0.050947575682992866,0.0009844942160964804,0.00498117711872188,0.003105058425231752,4063,51.10670614242554,0.5874969234555747,0.3605710066453359
2.6,0.0017609830745687898,0.006144393241167435,0.051013588772555137,0.0008910670527957229,0.00498117711872188,0.0034306195596518177,4489,51.304837703704834,0.5901091557139675,0.35798618846068164
2.7,0.001822502133942372,0.004608294930875576,0.049262107669923096,0.0006235709831635835,0.00498117711872188,0.003676700980504543,4811,51.295201539993286,0.5996674288089794,0.35044689253793393
2.8,0.001822502133942372,0.004608294930875576,0.04525491693717777,0.0005728470498376934,0.00498117711872188,0.004002262114924609,5237,51.45006823539734,0.6043536375787665,0.34981859843421803
2.9,0.0019224706054244431,0.004608294930875576,0.04590525156077855,0.0005508630187293427,0.00498117711872188,0.004161985770074359,5446,51.606483697891235,0.6162320969518913,0.33731178846860077
3.0,0.0019147807230027454,0.006144393241167435,0.04255682789266792,0.0006836438215689625,0.00498117711872188,0.004471498116177943,5851,51.75582504272461,0.624337720047855,0.3324218082379081
3.1,0.002030128959328212,0.006144393241167435,0.04298974108451392,0.0006513597134017262,0.00498117711872188,0.00469312424054841,6141,51.80384945869446,0.6349128806383325,0.3214460185637519
3.2,0.0022377557847140517,0.006144393241167435,0.04433947889684595,0.0006094773731525217,0.00498117711872188,0.005015628462908193,6563,51.85725522041321,0.6338564680786226,0.3211945756513789
3.3,0.0021839266077621675,0.006144393241167435,0.04123112659698026,0.0005807200929152149,0.00498117711872188,0.0052640025678061305,6888,51.9521689414978,0.6482288037166086,0.3099593495934959
3.4,0.0022838950792442385,0.006144393241167435,0.04022754977651361,0.0005417851821752675,0.00498117711872188,0.005642295435266066,7383,52.33297681808472,0.650954896383584,0.3082757686577272
3.5,0.002353104021039518,0.006144393241167435,0.04011010617381046,0.0005243151133831433,0.00498117711872188,0.005830295526973428,7629,52.05475568771362,0.6589330187442654,0.300432559968541
3.6,0.0023454141386178204,0.006144393241167435,0.0376078914919852,0.0004932182490752158,0.00498117711872188,0.006197889202222375,8110,52.00770568847656,0.6660912453760789,0.2958076448828607
3.7,0.0024223129628347983,0.006144393241167435,0.037251655629139076,0.0004730368968779565,0.00498117711872188,0.006462312095436794,8456,52.47470140457153,0.6773888363292336,0.2848864711447493
3.8,0.0023915534331480073,0.006144393241167435,0.03499099909990999,0.00045004500450045,0.00498117711872188,0.006792458597947283,8888,52.35541105270386,0.6829432943294329,0.2816156615661567
3.9,0.002430002845256496,0.006144393241167435,0.03385472466252411,0.00042854081851296334,0.00498117711872188,0.007133304292668761,9334,52.986618757247925,0.6920934218984358,0.2736233126205271
4.0,0.002560730846425358,0.006144393241167435,0.034497047549984464,0.0004143789495493629,0.00498117711872188,0.007377093029476274,9653,53.06787037849426,0.6998860457888739,0.26520252771159225
4.1,0.002629939788220638,0.006144393241167435,0.03378445124962955,0.0003951397806974217,0.00498117711872188,0.007736280196559446,10123,53.011972188949585,0.7015706806282722,0.2642497283414008
4.2,0.0025222814343168693,0.006144393241167435,0.0311787072243346,0.00038022813688212925,0.00498117711872188,0.008039678718542465,10520,53.54045820236206,0.7116920152091255,0.2567490494296578
4.3,0.002706838612437616,0.006144393241167435,0.03215492829085594,0.00036539691239609025,0.00498117711872188,0.008366004080977601,10947,53.236762285232544,0.7209281081574861,0.24655156663926192
4.4,0.002706838612437616,0.006144393241167435,0.03143137780158943,0.0003571747477453344,0.00498117711872188,0.008558589540775386,11199,53.711809396743774,0.7179212429681222,0.250290204482543
4.5,0.0027529779069678023,0.006144393241167435,0.03058260720997779,0.00034170510849137196,0.00498117711872188,0.008946053144416167,11706,53.784608602523804,0.7286007175807279,0.240474970100803
5.7,0.0031144023807875977,0.006144393241167435,0.024609588624901257,0.00024305766543112353,0.00498117711872188,0.012576900444016477,16457,56.40061044692993,0.7889044175730692,0.18624293613659848
5.8,0.0031144023807875977,0.006144393241167435,0.02397726599964478,0.00023681250370019536,0.00498117711872188,0.012908575402557108,16891,56.265401124954224,0.7979397312178083,0.17784619027884674
5.9,0.003052883321414016,0.006144393241167435,0.02315678954736351,0.0002333177788147457,0.00498117711872188,0.013101925090369964,17144,56.859559774398804,0.7996383574428372,0.17697153523098452
6.0,0.00303750355657062,0.006144393241167435,0.022607600732600732,0.00022893772893772894,0.00498117711872188,0.013352591879313112,17472,56.64314389228821,0.8052884615384616,0.171875
4.6,0.0027529779069678023,0.006144393241167435,0.02949901120632828,0.0003295978905735003,0.00498117711872188,0.009274671190896516,12136,57.17960977554321,0.7350032959789057,0.23516809492419255
4.7,0.0028452564960281756,0.006144393241167435,0.029269836247132346,0.00031643066213116053,0.00498117711872188,0.009660606338507157,12641,57.19566559791565,0.7447986709912191,0.22561506209951743
4.8,0.0028452564960281756,0.006144393241167435,0.028560401389424932,0.00030876109610189115,0.00498117711872188,0.009900573935239318,12955,57.50127291679382,0.7452720957159398,0.22585874179853338
4.9,0.002906775555401758,0.006144393241167435,0.028361344537815126,0.00030012004801920766,0.00498117711872188,0.010185630984860644,13328,57.728230714797974,0.7477490996398559,0.22358943577430979
5.0,0.002876016025714967,0.006144393241167435,0.027194066749072928,0.00029084563367992437,0.00498117711872188,0.010510427891265639,13753,57.95141839981079,0.7557623791172835,0.21675270849996364
5.1,0.0028913957905583624,0.006144393241167435,0.026803535785571715,0.00028514399771884804,0.00498117711872188,0.010720590595410046,14028,57.93378210067749,0.7618334759053322,0.21107784431137722
5.2,0.0031144023807875977,0.006144393241167435,0.027504244482173174,0.00027164685908319185,0.00498117711872188,0.011253257521914238,14725,58.28652858734131,0.7682173174872665,0.20400679117147713
5.3,0.0028837059081366647,0.006144393241167435,0.025164407462085626,0.0002684203462622467,0.00498117711872188,0.01138852588058173,14902,58.651633977890015,0.7755334854381962,0.1990336867534559
5.4,0.0029606047323536425,0.006144393241167435,0.025282374573154714,0.0002626740215392698,0.00498117711872188,0.011637664213494738,15228,58.85279679298401,0.7820462306277909,0.19240872077751514
5.5,0.0031067124983659,0.006144393241167435,0.025852690855570487,0.0002559672361937672,0.00498117711872188,0.011942591191507899,15627,59.088160037994385,0.7791002751647789,0.19479106674345692
5.6,0.003052883321414016,0.006144393241167435,0.02468751943287109,0.0002487407499533611,0.00498117711872188,0.01228955071034994,16081,59.69364595413208,0.785274547602761,0.18978919221441448
