deviation,gen_target,gen_input,target_percent,input_percent,total_input_fraction,unique_ratio,unique_elements_len,calc_time,long_ratio,new_percent
0.0,0.010119332715099513,0.9857506986457022,0.03068413571472715,0.9918731845992214,0.24915832644691335,0.024845683751497098,32362,63.3717098236084,3.0900438786230764e-05,-0.02258822075273459
0.1,0.010363908732382883,0.9865184411755673,0.03130482962415736,0.9888262997506695,0.24915832644691335,0.024941651567730247,32487,65.92822909355164,0.00024625234709268324,-0.020377381721919496
0.2,0.010802107430015591,0.9873783128090163,0.03247847535006281,0.985139565523792,0.24915832644691335,0.025056812947210023,32637,65.53741908073425,0.0003370407819346141,-0.017955081655789407
0.3,0.011484882144931671,0.988115345637687,0.03434928375495276,0.9806766229807985,0.24915832644691335,0.0251896324048767,32810,65.75059294700623,0.00045717768972874126,-0.015483084425479854
0.4,0.01213708485768733,0.9886374105579953,0.03609309655130614,0.9756045820958846,0.24915832644691335,0.025333968000491355,32998,65.59724020957947,0.0005757924722710467,-0.012273471119461865
0.5,0.012830050239990218,0.9888523784663575,0.037918260398156794,0.9697918862753365,0.24915832644691335,0.025491355219113717,33203,65.61291170120239,0.0008432972924133362,-0.008553443965906515
0.6,0.01385930764605774,0.989282314283082,0.04064190299734034,0.9626751934972955,0.24915832644691335,0.025690968276878667,33463,65.96155095100403,0.0011056988315452888,-0.0044227953261810615
0.7,0.014817230380417613,0.9896201209962227,0.04303175589688952,0.9537127467519015,0.24915832644691335,0.025941252341614717,33789,66.13334059715271,0.001183817218621445,0.0020716801325874057
0.8,0.016834982523005432,0.9896815403986119,0.04820824092447765,0.9404400606980273,0.24915832644691335,0.02630900101342014,34268,66.21622085571289,0.001604995914555854,0.009746702462939183
0.9,0.018862925332980056,0.9900500568129472,0.053159103963239515,0.9258759333716255,0.24915832644691335,0.026732794889905723,34820,66.36678004264832,0.0018093049971280872,0.019155657668006865
1.0,0.02168574019912564,0.9905107023308664,0.05984756869252186,0.9071068987822369,0.24915832644691335,0.027298621134416362,35557,66.6947865486145,0.001996793880248615,0.03104873864499258
1.1,0.02721927259016193,0.9906642508368394,0.07238482384823848,0.8742276422764228,0.24915832644691335,0.028329699352025305,36900,67.19668412208557,0.0026016260162601626,0.05078590785907855
1.2,0.03499475180629579,0.9908177993428124,0.0887063442860095,0.8334366604670387,0.24915832644691335,0.02972084881614102,38712,68.19628643989563,0.003487290762554247,0.0743697044843975
1.3,0.04836490741778679,0.99100205754998,0.11405089755605219,0.7754788167159301,0.24915832644691335,0.03194806989527992,41613,69.46329522132874,0.0042294475284166,0.10624083819960117
1.4,0.07121238369900845,0.9909406381475908,0.15098090052718002,0.6971739694062743,0.24915832644691335,0.035534195252280194,46284,71.26900601387024,0.004537205081669692,0.147307924984876
1.5,0.10065322177949435,0.9911556060559531,0.1866296317291159,0.6098482701282996,0.24915832644691335,0.04063123790805515,52923,74.32342648506165,0.00532849611700017,0.19819360202558434
1.6,0.14305658877599894,0.9914627030678992,0.22387369428275258,0.5148712223905589,0.24915832644691335,0.048141295335196385,62705,78.40777397155762,0.007128618132525317,0.25412646519416315
1.7,0.19700598192175606,0.9914319933667045,0.25614118769377536,0.4277499536264144,0.24915832644691335,0.057944599699044926,75474,84.27248525619507,0.00923496833346583,0.3068738903463444
1.8,0.25848627826636367,0.9913705739643154,0.27757107526646385,0.353264319012497,0.24915832644691335,0.07015784786414028,91382,91.21506023406982,0.011293252500492438,0.35787135322054675
1.9,0.32547972566723393,0.991708380677456,0.2889910332160081,0.2921941023715379,0.24915832644691335,0.08485013665817032,110519,99.89852690696716,0.013246591083886029,0.40556827332856793
2.0,0.388733198137146,0.9914319933667045,0.28833827175424803,0.24402854205720506,0.24915832644691335,0.10156926573104444,132296,110.21353363990784,0.015253673580455948,0.45237951260809095
2.1,0.4506516931793863,0.991708380677456,0.28320749037765697,0.20681153016068193,0.24915832644691335,0.11988069281085895,156147,121.32763481140137,0.01846337105419893,0.49151760840746217
2.2,0.505416339716088,0.9915855418726776,0.2720391416911668,0.17710847338628286,0.24915832644691335,0.1399686761047815,182312,133.28508830070496,0.020986002018517705,0.5298663829040327
2.3,0.5544640218487908,0.991708380677456,0.25956882445268187,0.15406010123417918,0.24915832644691335,0.1609288149126309,209613,147.2956302165985,0.02458339893040985,0.5617876753827291
2.4,0.5960827074565114,0.9916162515738722,0.2444817828825553,0.1349617350670629,0.24915832644691335,0.18368470349783497,239253,160.9411962032318,0.02835492135939779,0.5922015606909841
2.5,0.6314443232887322,0.9918926388846236,0.2299550577643186,0.11986699176491981,0.24915832644691335,0.206873598869883,269457,175.8441400527954,0.03267682784266135,0.6175011226281002
2.6,0.6592240825851685,0.9918312194822344,0.21526691646755805,0.107475391506326,0.24915832644691335,0.23071123667966711,300506,191.85495734214783,0.03570644180149481,0.6415512502246212
2.7,0.6812155428058984,0.9914627030678992,0.20149690129976608,0.09731667028382647,0.24915832644691335,0.25470011976783463,331752,206.4918942451477,0.04001784465504352,0.6611685837613639
2.8,0.7032783376983358,0.9916469612750668,0.18973257856724576,0.08877665760324194,0.24915832644691335,0.27925329361545315,363733,222.82746648788452,0.04486532703933929,0.676625436790173
2.9,0.7164650612968644,0.9912477351595369,0.1779623906181577,0.08170383814145157,0.24915832644691335,0.30330513159106964,395061,238.03851056098938,0.04913671559581938,0.6911970556445713
3.0,0.726523250007643,0.9912784448607315,0.16731871830195896,0.07575611782459615,0.24915832644691335,0.3271281822927863,426091,252.17154169082642,0.05356132844861778,0.703363835424827
3.1,0.7330656584699732,0.9908177993428124,0.15767784925966924,0.07072104161415123,0.24915832644691335,0.3502556582624451,456215,267.14710998535156,0.058899860811240316,0.7127012483149392
3.2,0.73862976286317,0.9898350889045849,0.14941178168205496,0.06644279945331874,0.24915832644691335,0.37243881092036973,485109,280.53006887435913,0.06333215833967211,0.7208132605249542
3.3,0.741585056405344,0.9888523784663575,0.14216584550104128,0.06290610579947409,0.24915832644691335,0.3929874397322114,511874,291.97208976745605,0.06777058416719739,0.7271574645322872
3.4,0.7433072791937144,0.9880539262352978,0.1357768449660744,0.059891475321339156,0.24915832644691335,0.4124351257562264,537205,303.68947291374207,0.07337794696624193,0.7309537327463445
3.5,0.7389049108826137,0.9864263120719835,0.12910761757735364,0.057194596240444866,0.24915832644691335,0.43117111445505635,561609,313.3311185836792,0.07778365375198759,0.7359141324302139
3.6,0.7378960348113198,0.9821269539047385,0.1240623661440932,0.05479482566606699,0.24915832644691335,0.44809292755581487,583650,323.6988580226898,0.08320740169622205,0.7379354064936178
3.7,0.7317306810423014,0.9786567576697479,0.11889614884041316,0.05276840386672451,0.24915832644691335,0.4636566041212419,603922,334.2676622867584,0.0883143849702445,0.7400210623226178
3.8,0.7255857086080567,0.9726376562356048,0.11427814782120214,0.05083380146055694,0.24915832644691335,0.47834198323250315,623050,338.80028653144836,0.0937131851376294,0.7411748655806115
3.9,0.7162408666143546,0.9637011331879741,0.10993160165982892,0.04908319947195793,0.24915832644691335,0.4908508122715966,639343,345.2266540527344,0.09918932404046028,0.7417958748277529
4.0,0.7081596673766165,0.9521542855388017,0.10631192132816851,0.04743349672302693,0.24915832644691335,0.5018364401314375,653652,350.09286975860596,0.10426190082796351,0.741992681120841
4.1,0.697724423972526,0.9368608543438872,0.10255907104103441,0.04569748317070759,0.24915832644691335,0.512534164542579,667586,355.8537130355835,0.1096592798530826,0.7420841659351753
4.2,0.6849962804064038,0.9204618739059669,0.0988974125830913,0.04409908279557553,0.24915832644691335,0.5218146362435894,679674,356.6639482975006,0.11552891533293903,0.7414745892883942
4.3,0.6751215237085877,0.9002856002211098,0.09600525174768425,0.04248350858481051,0.24915832644691335,0.5297853391886497,690056,358.9471595287323,0.12054239076248884,0.7409688489050164
4.4,0.6651550510042903,0.8793108743051931,0.09327080127064694,0.040915917525125,0.24915832644691335,0.5372669901421859,699801,361.3423173427582,0.12669744684560325,0.7391158343586248
4.5,0.6483812124856057,0.8536068544053066,0.08993924418522466,0.039291964343772176,0.24915832644691335,0.5431179559622885,707422,364.43688583374023,0.1323863266904337,0.7383824647805695
4.6,0.6366721356581643,0.8324478702822221,0.08745950819075457,0.03794680979138844,0.24915832644691335,0.5484307342689556,714342,364.78210043907166,0.13830770135313336,0.7362859806647236
4.7,0.6251363001762985,0.805945398151276,0.08508560712819431,0.03640106079604088,0.24915832644691335,0.5535177962718423,720968,366.14401292800903,0.14332258851987884,0.735190743555886
4.8,0.6117355725626471,0.7789208611000215,0.08267910661554057,0.03493432941072767,0.24915832644691335,0.5574179283235574,726048,363.8517653942108,0.14930004627793203,0.7330865176957997
4.9,0.5980698875969387,0.7499923225747014,0.08027992919695448,0.033407109304253384,0.24915832644691335,0.5612520345177041,731042,364.2989709377289,0.15483378519975596,0.7314791762990361
5.0,0.5856474640524207,0.7277892086110002,0.07818603075524912,0.03224226527116617,0.24915832644691335,0.5643130239842766,735029,364.6473250389099,0.16018143501821017,0.7293902689553745
5.1,0.5720123510888728,0.6972330559223658,0.07600275679415712,0.030741775315860097,0.24915832644691335,0.5670078002641035,738539,364.181583404541,0.16632026203084738,0.7269352058591354
5.2,0.5627999877711991,0.6733101986917668,0.07438039903352754,0.02952885814565505,0.24915832644691335,0.5700442219697203,742494,363.114492893219,0.17150710982176287,0.7245836329990545
5.3,0.5472999826758654,0.6501243742898382,0.07195279780709159,0.028362580150749057,0.24915832644691335,0.5730476307465528,746406,362.50082874298096,0.17755886206702517,0.7221257599751342
5.4,0.5344903137706488,0.6328655222184688,0.07019884922552262,0.027582182402706823,0.24915832644691335,0.5736180634462427,747149,360.4693560600281,0.1836527921472156,0.718566176224555
5.5,0.5261441571808537,0.6084206000675614,0.06883944928440572,0.02641578867369061,0.24915832644691335,0.5758115038540675,750006,359.95301485061646,0.18915048679610563,0.715594275245798
5.6,0.5120402735175127,0.5862174861038603,0.06686379193791353,0.025402279272038197,0.24915832644691335,0.5769339434327304,751468,360.2111175060272,0.19414266475751463,0.7135912640325337
5.7,0.49964842197515513,0.5696342474587722,0.06512049216907155,0.02463634528337973,0.24915832644691335,0.5780425636458557,752912,360.1055700778961,0.2005586310219521,0.7096845315255966
5.8,0.4904258679900947,0.5471854558855143,0.06383006943385215,0.023632710175010445,0.24915832644691335,0.5788433191045051,753955,360.94770789146423,0.2061608451432778,0.7063763752478596
5.9,0.4809077846508168,0.5362835119614286,0.06232698322133469,0.023064061113224295,0.24915832644691335,0.5812977919724841,757152,360.4354045391083,0.21174612231097587,0.7028628333544651
6.0,0.4687197464561954,0.5167521420016583,0.06067941952506596,0.022199208443271768,0.24915832644691335,0.5819488376378098,758000,359.1941411495209,0.21830870712401054,0.6988126649076517
