deviation,gen_target,gen_input,target_percent,input_percent,total_input_fraction,unique_ratio,unique_elements_len,calc_time,long_ratio,new_percent
0.0,0.019446054357441355,0.9845990848509044,0.019811980421101702,0.9963949965037682,0.4983166528938267,0.04940807050947394,64355,83.33602452278137,1.55388081734131e-05,-0.01622251573304334
0.1,0.019644327852850564,0.9848294076098639,0.019991928724428027,0.9955297550678298,0.4983166528938267,0.04946258022909437,64426,83.75026845932007,3.104336758451557e-05,-0.01555272715984235
0.2,0.01988835677027728,0.984982956115837,0.020214233672820846,0.99440388162892,0.4983166528938267,0.04952630285907318,64509,83.35618424415588,7.750856469639895e-05,-0.014695623866437302
0.3,0.020132385687703994,0.9852132788747966,0.02044039765864536,0.9935736628573199,0.4983166528938267,0.049579277093633876,64578,83.6166660785675,0.000108396048189786,-0.014122456564154895
0.4,0.020528932678522405,0.9853207628289776,0.020806282075063378,0.9919309961046188,0.4983166528938267,0.04966679974203851,64692,83.59373497962952,0.0001854943424225561,-0.01292277252210483
0.5,0.020910227862001647,0.9854436016337561,0.021152837349955256,0.990187305211837,0.4983166528938267,0.04976046433068206,64814,83.62906432151794,0.0002622890116332891,-0.011602431573425553
0.6,0.02141353750419425,0.9855203758867426,0.021611304374595942,0.9879475417910907,0.4983166528938267,0.04987716119522157,64966,83.7966423034668,0.0003232460056029308,-0.009882092171289436
0.7,0.02213037244913522,0.9857506986457022,0.022273732039788774,0.9854783249416676,0.4983166528938267,0.05001381936553757,65144,83.79682636260986,0.00036841458921773305,-0.008120471570674193
0.8,0.02330476161425129,0.9857353437951049,0.023380717029057578,0.9823114470644041,0.4983166528938267,0.050174277554279396,65353,83.98619198799133,0.0005049500405490185,-0.006197114134010695
0.9,0.024326632705975657,0.9859349568528698,0.024299948200737376,0.9782443096986502,0.4983166528938267,0.050393084175290974,65638,84.0731782913208,0.0004875224717389317,-0.0030317803711263913
1.0,0.026507641155476925,0.9859503117034671,0.026327748659375285,0.9726876117187263,0.4983166528938267,0.05068175536652028,66014,84.37197232246399,0.0007119701881419093,0.00027266943375647834
1.1,0.029344477320562487,0.986042440807051,0.028888455128301377,0.9642047416705455,0.4983166528938267,0.051132420231551144,66601,84.82490587234497,0.0010360204801729703,0.005870782720980183
1.2,0.03454534362321935,0.9861806344624267,0.03353568255848386,0.9509327805744744,0.4983166528938267,0.051853330467094554,67540,85.453777551651,0.0010808409831211134,0.014450695883920672
1.3,0.044794558155141384,0.986195989313024,0.04242686890574215,0.9278006500541712,0.4983166528938267,0.05314697662991739,69225,85.89666986465454,0.0012278801011195376,0.028544600938967157
1.4,0.06189183418235061,0.9861652796118294,0.056381471086781335,0.892336121377164,0.4983166528938267,0.055257500844516784,71974,87.17002820968628,0.001750632172729041,0.049531775363325536
1.5,0.0880639355763658,0.9860577956576483,0.07556305864185414,0.8404067370735346,0.4983166528938267,0.058665509934588335,76413,89.70266056060791,0.002146231662151728,0.0818839726224595
1.6,0.127810145502242,0.9862727635660105,0.10060627888828862,0.771138723812954,0.4983166528938267,0.06394911402512053,83295,86.37374806404114,0.002917341977309562,0.1253376553214478
1.7,0.18369276759295977,0.9863956023707889,0.12876876363169823,0.686823760851901,0.4983166528938267,0.07180849430335043,93532,90.58383393287659,0.004394218021639653,0.18001325749476116
1.8,0.2535002897843394,0.9862420538648159,0.15486028939056545,0.5984403097019445,0.4983166528938267,0.08240103798790038,107329,97.24782299995422,0.005730045001816843,0.24096935590567325
1.9,0.32637342525089225,0.9864263120719835,0.17199694570590363,0.5163525298396495,0.4983166528938267,0.09551868685317692,124415,104.92038249969482,0.007949202266607724,0.3037013221878391
2.0,0.40424915352469265,0.9864263120719835,0.18289148645478256,0.44328673355322173,0.4983166528938267,0.11126278291312225,144922,114.8336353302002,0.01012268668663143,0.3636990933053643
2.1,0.47928804563340754,0.986349537818997,0.18565343510548424,0.3795010250078279,0.4983166528938267,0.12995347480269018,169267,126.94996666908264,0.012914507848546971,0.42193103203814086
2.2,0.5485617545679163,0.9863034732672051,0.183523828962139,0.3277579344831105,0.4983166528938267,0.15046218100297884,195980,139.45814871788025,0.01599653025818961,0.47272170629656085
2.3,0.6034225055669097,0.9864416669225808,0.17647058823529413,0.28654837731270855,0.4983166528938267,0.17212480422565488,224196,153.73636651039124,0.018818355367624755,0.5181626790843725
2.4,0.6489186468596528,0.9864570217731782,0.1671013046995892,0.2523152330157334,0.4983166528938267,0.19548106746921354,254618,168.07940125465393,0.022991304621040147,0.5575921576636372
2.5,0.6911966568038312,0.9865337960261646,0.15788446866105302,0.223833695072795,0.4983166528938267,0.22037204802997268,287039,184.52978014945984,0.026783816833252625,0.5914980194328994
2.6,0.7171704847024373,0.9863802475201916,0.14719351900255748,0.20108809636351685,0.4983166528938267,0.24526072536314222,319457,201.14461207389832,0.03089304663851473,0.620825337995411
2.7,0.7434646005551658,0.9863648926695944,0.1382994720073085,0.18225252293122476,0.4983166528938267,0.27060390627399195,352467,217.54925751686096,0.03448266078810215,0.6449653442733646
2.8,0.7594179910319373,0.986042440807051,0.1294139051332034,0.16690578297595843,0.4983166528938267,0.2953889383656297,384750,234.9677734375,0.03878362573099415,0.664896686159844
2.9,0.7736021718573651,0.9858581825998833,0.12144793173133099,0.15373140761030926,0.4983166528938267,0.32064306114301505,417644,251.32751417160034,0.043426937774755536,0.6813937228836042
3.0,0.7818228960131776,0.9853207628289776,0.11389991845404875,0.1425832068667468,0.4983166528938267,0.34552482879341584,450053,268.9469027519226,0.04761883600375956,0.695898038675445
3.1,0.7882286550956288,0.9846912139544882,0.10779675865089794,0.13376092443109525,0.4983166528938267,0.36807880109326535,479430,284.63287806510925,0.05169263500406733,0.7067496819139395
3.2,0.7891285117286398,0.9829561158369929,0.10172643963359607,0.12586238422080182,0.4983166528938267,0.39048843779750025,508619,299.0650336742401,0.05712527451786111,0.7152859016277411
3.3,0.7880761370222371,0.9805607591438136,0.09648986847977711,0.11925147570433253,0.4983166528938267,0.4111314989405153,535507,313.1006348133087,0.06180124629556663,0.7224574095203238
3.4,0.783744623737913,0.9764610140343335,0.09165496908091757,0.11342585573710842,0.4983166528938267,0.4304402235666247,560657,325.50229263305664,0.06608853541470097,0.728830639767273
3.5,0.7786962755086477,0.9708104290145256,0.08745191138334207,0.10829573599991778,0.4983166528938267,0.44822190830083225,583818,333.9378230571747,0.07052369060220823,0.7337286620145319
3.6,0.7723057682335357,0.9634554555784173,0.08382013358383751,0.1038643304668813,0.4983166528938267,0.4638047784295059,604115,345.3444707393646,0.07558825720268492,0.7367272787465963
3.7,0.7675014489216972,0.9513251236065473,0.08068832486984073,0.09934274980397942,0.4983166528938267,0.478809538433191,623659,353.6560060977936,0.08046063634133396,0.7395082889848459
3.8,0.7560320898026416,0.9394865337960262,0.07748145415667604,0.09563652960613725,0.4983166528938267,0.49117556736172957,639766,360.9892122745514,0.08505766170756182,0.7418243545296249
3.9,0.7464692066009823,0.922335165678838,0.07474998319984849,0.09174104551924686,0.4983166528938267,0.5026840278844087,654756,365.92949628829956,0.09011448539608648,0.7433944858848182
4.0,0.7348473294085349,0.9024045696035378,0.07204560101800804,0.08787945397207057,0.4983166528938267,0.5134331910450511,668757,369.8292398452759,0.09473396166320502,0.7453409833467164
4.1,0.7223560991977549,0.8817983601019562,0.0696604490673601,0.0844656110181233,0.4983166528938267,0.5219866105702792,679898,374.7492287158966,0.09931930966115506,0.7465546302533616
4.2,0.7077296159594912,0.8590731812179467,0.06718704300561497,0.08100727716048846,0.4983166528938267,0.530244449221509,690654,376.87066769599915,0.10426928679193924,0.7475363930419574
4.3,0.6952078821340328,0.8340447747443417,0.06520703541310521,0.07770426373500612,0.4983166528938267,0.5366788993643092,699035,381.1120753288269,0.10959394021758567,0.747494760634303
4.4,0.6788274410517646,0.8126247581611031,0.06311687427676808,0.07505020080321285,0.4983166528938267,0.5413874642999723,705168,381.1699573993683,0.11420115490209426,0.7476317700179248
4.5,0.6674343409694049,0.7837729938887694,0.06145318865388855,0.0716806417049219,0.4983166528938267,0.5467117587445874,712103,384.5075068473816,0.11916955833636426,0.7476966113048253
4.6,0.654058505932953,0.7591438135306944,0.05983026420243289,0.06897696721780343,0.4983166528938267,0.5502879034486995,716761,383.9083762168884,0.12369953164304419,0.7474932369367195
4.7,0.6392642528139585,0.7359733439793631,0.05809052719987693,0.06642976235189438,0.4983166528938267,0.5539484998310966,721529,382.1755392551422,0.12799485536963864,0.7474848550785901
4.8,0.6258426623554891,0.7134784878543132,0.056475542954664316,0.06395166395992183,0.4983166528938267,0.5578263673494457,726580,382.40115213394165,0.1329020892400011,0.7466707038454128
4.9,0.6090656742824024,0.690615115314928,0.05474723240908935,0.06166089728210577,0.4983166528938267,0.5600105948469122,729425,384.87273240089417,0.13743702231209515,0.7461548479967097
5.0,0.5958728609340207,0.6678592267297239,0.05337484664755852,0.05942150950716829,0.4983166528938267,0.5619675705555385,731974,383.53134775161743,0.14201050856997652,0.7451931352752967
5.1,0.5850440777232102,0.6452568866504929,0.05218151915299405,0.05716582755979742,0.4983166528938267,0.5643729079016061,735107,381.38415694236755,0.14621544890743796,0.7444372043797706
5.2,0.569121190861117,0.6281515830850966,0.05065691765926079,0.055535946523454366,0.4983166528938267,0.5655360378343519,736622,382.5967562198639,0.15058333853726877,0.7432237972800161
5.3,0.557072263063173,0.609311181402205,0.04950682929936824,0.053785900075497065,0.4983166528938267,0.5664227804563462,737777,380.7319242954254,0.1561501646161374,0.7405571060089973
5.4,0.5469755666046426,0.5916377483647084,0.04847504271286144,0.05208130582408789,0.4983166528938267,0.5679943494149802,739824,380.14741373062134,0.1599326326261381,0.7395110188369125
5.5,0.5348656315773419,0.5721063784049382,0.047302455697363556,0.05025641440668593,0.4983166528938267,0.5691874213063907,741378,379.1437747478485,0.16501838468365665,0.7374227452122939
5.6,0.5253485037977,0.5572428830267482,0.046422583653643996,0.04891049450934516,0.4983166528938267,0.5696557442496084,741988,376.8268837928772,0.16951891405251837,0.7351480077844925
5.7,0.5153433181832047,0.5459570678377299,0.045521968805952655,0.04790254588370335,0.4983166528938267,0.5698622669901422,742257,377.39046478271484,0.17294818371534387,0.7336273015950001
5.8,0.5035384193026874,0.5278536989835089,0.04442760849877341,0.046260423969781424,0.4983166528938267,0.5705240610508859,743119,374.3067526817322,0.17774003894396456,0.7315719285874807
5.9,0.4946618674312906,0.51759665878451,0.04359836753129436,0.045313642620553186,0.4983166528938267,0.5711267389368302,743904,372.3344385623932,0.18296581279304858,0.7281221770551038
6.0,0.48372632156910594,0.5031016798206553,0.042660339442655494,0.044071321157731345,0.4983166528938267,0.5707812547983908,743454,372.2103040218353,0.18726915182378465,0.7259991875758285
