deviation,gen_target,gen_input,target_percent,input_percent,total_input_fraction,unique_ratio,unique_elements_len,calc_time,long_ratio,new_percent
0.0,0.005403490123128709,0.8306463995086749,0.10374149659863946,0.8364254792826221,0.0498347259204848,0.004965453707968678,6468,56.630704402923584,0.0030921459492888066,0.056740878169449505
0.1,0.007054332858212741,0.8535237217871948,0.1230855697625404,0.7810875368835183,0.0498347259204848,0.0054636880085981885,7117,56.66025376319885,0.005620345651257552,0.09020654770268377
0.2,0.008906497878063118,0.8708736373407032,0.14150460593654043,0.7256908904810645,0.0498347259204848,0.00600030707815139,7816,57.14874053001404,0.00895598771750256,0.12384851586489243
0.3,0.011096884336320957,0.8843850760018425,0.15901223171013154,0.6646665128086776,0.0498347259204848,0.006652848149854138,8666,57.547722578048706,0.011539349180706208,0.16478190630048462
0.4,0.014132824390597444,0.8960540457546445,0.18094648932879678,0.6017115166512012,0.0498347259204848,0.0074458774758175954,9699,58.222426891326904,0.013918960717599753,0.2034230333024023
0.5,0.0172090289018272,0.9074159373560571,0.19654189276188724,0.5435482387565529,0.0498347259204848,0.008347151850145862,10873,58.473538637161255,0.01701462337901223,0.24289524510254756
0.6,0.021420691099139147,0.9169353600491325,0.21661237785016288,0.48631921824104235,0.0498347259204848,0.00942729924765853,12280,59.48780035972595,0.019136807817589578,0.2779315960912052
0.7,0.026630911828892163,0.9249193919852603,0.23767428489291362,0.4329452350150927,0.0498347259204848,0.010681713496084754,13914,60.09891748428345,0.022495328446169326,0.3068851516458244
0.8,0.032525628326850756,0.9324428066943037,0.2523113443278361,0.3793728135932034,0.0498347259204848,0.012289267618608936,16008,61.20011305809021,0.02623688155922039,0.34207896051974007
0.9,0.03965243720757938,0.9419622293873791,0.2683963806824376,0.3344053199607544,0.0498347259204848,0.014084139413480731,18346,62.336530923843384,0.027308405101929577,0.3698898942548784
1.0,0.048454247497564,0.9461077844311377,0.281444408063988,0.28822676458206653,0.0498347259204848,0.01641255949639183,21379,63.739238262176514,0.029608494316852987,0.4007203330370924
1.1,0.059108222807399,0.9511745739290649,0.2943771556910243,0.24845592363840538,0.0498347259204848,0.01914171656686627,24934,65.30314016342163,0.030961738990936072,0.42620518167963417
1.2,0.0720814308377423,0.9571625978811608,0.30539065165472534,0.21269191402251791,0.0498347259204848,0.02250115154306771,29310,67.46658253669739,0.03312862504264756,0.4487888092801092
1.3,0.08796173266011162,0.9591586058651926,0.3145662942057367,0.17990438889528856,0.0498347259204848,0.02665745432212498,34724,70.2057249546051,0.03383826748070499,0.4716910494182698
1.4,0.10644311840166212,0.9620758483033932,0.31807681201270577,0.15078448358841082,0.0498347259204848,0.03190234914785813,41556,73.2314555644989,0.035614592357300995,0.4955241120415824
1.5,0.12765443432464427,0.9642253953631199,0.3199386441156881,0.12674833996003795,0.0498347259204848,0.038037002917242435,49547,77.23077154159546,0.035723656326316425,0.5175893595979575
1.6,0.15050048719992914,0.9649930907415938,0.32087976237487764,0.1079099634290816,0.0498347259204848,0.04471288192845079,58243,81.72224259376526,0.037704101780471476,0.5335061724155693
1.7,0.1766079610884288,0.9671426378013205,0.3180157188016589,0.09134015834807575,0.0498347259204848,0.05294180869031168,68962,86.38430857658386,0.039079493054145764,0.5515646297961196
1.8,0.2045031768656536,0.9694457239367419,0.31313965819132406,0.07785642062689585,0.0498347259204848,0.06225855980346998,81098,92.05217242240906,0.040235270906804114,0.568768650274976
1.9,0.231826637354142,0.9715952709964686,0.30440943216664906,0.06691339748334567,0.0498347259204848,0.0726009519422693,94570,98.75387048721313,0.04206407951781749,0.5866130908321878
2.0,0.26175118176181156,0.9711346537693843,0.2966180577102079,0.05771933346717527,0.0498347259204848,0.08412559496391832,109582,105.8607234954834,0.043693307294993704,0.6019693015276231
2.1,0.2878667085417019,0.972670044526332,0.2838189757840413,0.05029773719730052,0.0498347259204848,0.09669123291877783,125950,113.93603754043579,0.0460023818975784,0.6198809051210799
2.2,0.3166880068288519,0.9712881928450791,0.2722935779816514,0.04380128094166522,0.0498347259204848,0.11087440503608169,144425,123.71101450920105,0.04800415440540073,0.6359009866712826
2.3,0.34407589044846554,0.9709811146936895,0.2610127247292253,0.03863235123429263,0.0498347259204848,0.12566943037002917,163697,132.88895726203918,0.05163808744204231,0.6487168365944398
2.4,0.3683795166654587,0.9735912789805006,0.24831183776272364,0.034420053847490015,0.0498347259204848,0.1414279134039613,184224,143.7081527709961,0.05409175785999652,0.6631763505297898
2.5,0.39337569154204816,0.9729771226777215,0.23599918835874542,0.03061530137012774,0.0498347259204848,0.1589037309995394,206988,154.28710913658142,0.05848648230815313,0.6748990279629737
2.6,0.41494938757760974,0.9722094272992476,0.224772623176078,0.027621104058976203,0.0498347259204848,0.17599032703823123,229245,165.6884961128235,0.06219546773103012,0.6854108050339156
2.7,0.4345179136568985,0.9731306617534162,0.21289070206033442,0.025006510057051772,0.0498347259204848,0.19457546445570398,253454,178.53611707687378,0.0657081758425592,0.6963946120400546
2.8,0.4532408861401686,0.9709811146936895,0.2025632166533503,0.022760154613574037,0.0498347259204848,0.21330723169046523,277854,191.32351326942444,0.06965528658935988,0.7050213421437158
2.9,0.4703210687797454,0.9715952709964686,0.19300663249625744,0.020912026067329587,0.0498347259204848,0.23230538922155688,302601,203.54248118400574,0.07388607440160476,0.7121952670348082
3.0,0.48438947003921756,0.9712881928450791,0.18352819849396487,0.01930141450138521,0.0498347259204848,0.25161062490403807,327748,216.24499535560608,0.0793048317609871,0.7178655552436628
3.1,0.49774921685631224,0.9692921848610472,0.17491779061935783,0.01786532943180725,0.0498347259204848,0.2712774451097804,353366,229.50945568084717,0.0841167514701471,0.7231001284786878
3.2,0.5082179756641623,0.9663749424228466,0.16677721724377592,0.01663279678865989,0.0498347259204848,0.29050284047290037,378409,241.80741119384766,0.08902536673282084,0.7275646192347434
3.3,0.5189363741051224,0.9677567941040995,0.15977596009134162,0.0156277506006382,0.0498347259204848,0.3096276677414402,403321,254.66756939888,0.09459710751485789,0.7299991817931623
3.4,0.5245733980785802,0.9640718562874252,0.15263296015295866,0.014712429296455802,0.0498347259204848,0.3276385690158145,426782,266.97545742988586,0.09995032592752272,0.7327042846230628
3.5,0.5301701575950846,0.9619223092276985,0.146379966248741,0.013929620398389367,0.0498347259204848,0.3452794411177645,449761,279.04054141044617,0.10569168958624692,0.7339987237666228
3.6,0.5350985271261647,0.9583909104867189,0.14052273068520904,0.013200440719616464,0.0498347259204848,0.3630147397512667,472863,290.3627257347107,0.11206205602891324,0.7342147725662613
3.7,0.5396081463049308,0.9560878243512974,0.13561489966707482,0.012602584470912052,0.0498347259204848,0.37932212498080764,494105,299.37009263038635,0.11836350573258721,0.7334190101294259
3.8,0.5406228106201532,0.954398894518655,0.13058980748244933,0.012091432706391769,0.0498347259204848,0.3946591432519576,514083,309.3643283843994,0.12392551397342452,0.7333932458377344
3.9,0.539672569436056,0.9470290188853063,0.1257942384977372,0.011577815194193073,0.0498347259204848,0.4089843390142791,532743,317.3931288719177,0.13120397640137926,0.7314239699066905
4.0,0.5402201660506205,0.9419622293873791,0.1218747388424407,0.011145750444194944,0.0498347259204848,0.4225656379548595,550434,326.30579662323,0.1379402435169339,0.7290392671964304
4.1,0.5359843451791366,0.937509596192231,0.1174705652911349,0.010776695088008499,0.0498347259204848,0.434970827575618,566593,332.47006392478943,0.14514298623526942,0.7266097533855872
4.2,0.5351871089314618,0.9304467987102718,0.11436364262114537,0.010428138766519823,0.0498347259204848,0.4461231383387072,581120,337.41383361816406,0.15100495594713656,0.7242032626651982
4.3,0.5302828980745536,0.921234454168586,0.11051402026006459,0.010069614602283788,0.0498347259204848,0.45743282665438356,595852,344.373526096344,0.1581080536777589,0.7213083114598927
4.4,0.5258135433527408,0.9112544142484262,0.10719333872898038,0.009743356541182304,0.0498347259204848,0.4676285889758944,609133,349.923791885376,0.1657618286975094,0.717301476032328
4.5,0.5214086117620532,0.8955934285275603,0.10421592597302053,0.009388575650222844,0.0498347259204848,0.4769591586058652,621287,354.9122042655945,0.1734383626246807,0.7129571357520759
4.6,0.5136697831356348,0.8813142944879472,0.10101462793544515,0.00909000210622,0.0498347259204848,0.4847712267772148,631463,360.59631299972534,0.18085145131227007,0.7090439186460648
4.7,0.5076220617012538,0.8701059419622293,0.09855442256639244,0.0088601420249341,0.0498347259204848,0.49102257024412715,639606,364.10080099105835,0.18809704724471002,0.7044883881639634
4.8,0.49907794393577015,0.8529095654844158,0.095392676120508,0.008550323773286357,0.0498347259204848,0.49875863657300784,649683,367.1369597911835,0.19561540012590756,0.7004415999802981
4.9,0.4915162789199462,0.8298787041302012,0.09287265235445473,0.008224272330687264,0.0498347259204848,0.504530170428374,657201,368.78240513801575,0.20495251833153022,0.6939505569833277
5.0,0.482239348037913,0.8129894058037771,0.0901862036975681,0.007974349552111131,0.0498347259204848,0.5097528020881315,664004,371.14981627464294,0.21227582966367672,0.689563617086644
5.1,0.47416229797308723,0.7954859511745739,0.08792408314418827,0.0077365308804205,0.0498347259204848,0.5141102410563488,669680,372.7702581882477,0.22030671365428264,0.6840326723211085
5.2,0.46645568091223155,0.7610931982189467,0.08574346828510103,0.007337724816815928,0.0498347259204848,0.5186166129279902,675550,374.78620409965515,0.22929464880467768,0.6776241580934054
5.3,0.4568485814831815,0.7392906494702902,0.08344033452027433,0.0070819342284662865,0.0498347259204848,0.5219553201289728,679899,375.1730411052704,0.23689400925725732,0.6725837219940021
5.4,0.44713679446605303,0.7173345616459389,0.08113645097984777,0.006827005834810424,0.0498347259204848,0.5253654230001535,684341,376.8785960674286,0.24438255197335831,0.6676539912119834
5.5,0.43752969503700306,0.6904652233993551,0.07895383121969225,0.006534921942776928,0.0498347259204848,0.5282888070013818,688149,374.55614948272705,0.2535991478589666,0.6609120989785642
5.6,0.4283816104172203,0.6602180254874865,0.07697049146171009,0.006221766923929495,0.0498347259204848,0.5305711653615846,691122,385.09978437423706,0.2628783340712638,0.6539294075430966
5.7,0.4194187422994226,0.6296637494242284,0.07499114498892763,0.005904780554107717,0.0498347259204848,0.5331813296483955,694522,376.5792200565338,0.2695076613843766,0.6495964130725881
5.8,0.40943315697501187,0.6070935052970982,0.07300948176952823,0.00567786108051678,0.0498347259204848,0.5346146169200061,696389,375.78050422668457,0.2785555199751863,0.6427571371747687
5.9,0.40145274160687394,0.5731613695685552,0.0713983927770927,0.00534642943586791,0.0498347259204848,0.5360225702441271,698223,373.34495997428894,0.2868882864070648,0.6363668913799746
6.0,0.392868359384437,0.5565791493935206,0.0697039446894784,0.005179289130065166,0.0498347259204848,0.5373122984799632,699903,374.15464973449707,0.295913862349497,0.6292029038309594
